0 98864.000000 199272.000000 
1 94184.000000 199165.000000 
2 84454.000000 201576.000000 
3 71208.000000 206707.000000 
4 56612.000000 213404.000000 
5 42697.000000 219051.000000 
6 30714.000000 220270.000000 
7 20892.000000 214217.000000 
8 12669.000000 199894.000000 
9 5243.000000 178827.000000 
10 -1841.000000 154716.000000 
11 -8373.000000 132162.000000 
12 -13574.000000 115040.000000 
13 -16547.000000 105226.000000 
14 -16829.000000 102252.000000 
15 -14754.000000 103926.000000 
16 -11424.000000 107557.000000 
17 -8303.000000 111125.000000 
18 -6607.000000 113857.000000 
19 -6804.000000 116043.000000 
20 -8427.000000 118324.000000 
21 -10313.000000 120971.000000 
22 -11118.000000 123559.000000 
23 -9884.000000 125189.000000 
24 -6396.000000 125021.000000 
25 -1184.000000 122750.000000 
26 4791.000000 118678.000000 
27 10609.000000 113356.000000 
28 15780.000000 107057.000000 
29 20404.000000 99459.000000 
30 25039.000000 89797.000000 
31 30383.000000 77423.000000 
32 36915.000000 62444.000000 
33 44675.000000 45989.000000 
34 53243.000000 29868.000000 
35 61901.000000 15751.000000 
36 69885.000000 4274.000000 
37 76601.000000 -5393.000000 
38 81731.000000 -15219.000000 
39 85207.000000 -27353.000000 
40 87113.000000 -43028.000000 
41 87566.000000 -61918.000000 
42 86646.000000 -82337.000000 
43 84389.000000 -102161.000000 
44 80830.000000 -119992.000000 
45 76053.000000 -135891.000000 
46 70207.000000 -151254.000000 
47 63484.000000 -167878.000000 
48 56047.000000 -186739.000000 
49 47969.000000 -207201.000000 
50 39196.000000 -227117.000000 
51 29566.000000 -243830.000000 
52 18896.000000 -255544.000000 
53 7092.000000 -262298.000000 
54 -5738.000000 -265973.000000 
55 -19235.000000 -269284.000000 
56 -32822.000000 -274268.000000 
57 -45829.000000 -281105.000000 
58 -57676.000000 -287934.000000 
59 -68041.000000 -291799.000000 
60 -76932.000000 -290238.000000 
61 -84641.000000 -282674.000000 
62 -91555.000000 -270835.000000 
63 -97916.000000 -257971.000000 
64 -103640.000000 -247270.000000 
65 -108286.000000 -240324.000000 
66 -111236.000000 -236466.000000 
67 -112036.000000 -233305.000000 
68 -110768.000000 -228119.000000 
69 -108285.000000 -219289.000000 
70 -106174.000000 -206918.000000 
71 -106412.000000 -192269.000000 
72 -110795.000000 -176349.000000 
73 -120350.000000 -158518.000000 
74 -134915.000000 -136076.000000 
75 -153072.000000 -105300.000000 
76 -172443.000000 -63613.000000 
77 -190265.000000 -11884.000000 
78 -204025.000000 44372.000000 
79 -211971.000000 95701.000000 
80 -213347.000000 131274.000000 
81 -208338.000000 142391.000000 
82 -197794.000000 125512.000000 
83 -182891.000000 83559.000000 
84 -164842.000000 24978.000000 
85 -144744.000000 -39022.000000 
86 -123541.000000 -97919.000000 
87 -102064.000000 -144694.000000 
88 -81056.000000 -177117.000000 
89 -61155.000000 -197301.000000 
90 -42820.000000 -210082.000000 
91 -26251.000000 -221062.000000 
92 -11338.000000 -235124.000000 
93 2316.000000 -255730.000000 
94 15303.000000 -284901.000000 
95 28246.000000 -323447.000000 
96 41623.000000 -371115.000000 
97 55599.000000 -426553.000000 
98 69922.000000 -487251.000000 
99 83894.000000 -549757.000000 
100 96450.000000 -610278.000000 
101 106341.000000 -665553.000000 
102 112388.000000 -713607.000000 
103 113758.000000 -754028.000000 
104 110185.000000 -787585.000000 
105 102056.000000 -815377.000000 
106 90348.000000 -837954.000000 
107 76409.000000 -854877.000000 
108 61677.000000 -864964.000000 
109 47419.000000 -867071.000000 
110 34574.000000 -860963.000000 
111 23730.000000 -847768.000000 
112 15202.000000 -829719.000000 
113 9123.000000 -809270.000000 
114 5494.000000 -788036.000000 
115 4140.000000 -766089.000000 
116 4619.000000 -741997.000000 
117 6159.000000 -713586.000000 
118 7691.000000 -679068.000000 
119 8025.000000 -637988.000000 
120 6111.000000 -591547.000000 
121 1310.000000 -542207.000000 
122 -6453.000000 -492822.000000 
123 -16705.000000 -445769.000000 
124 -28602.000000 -402465.000000 
125 -41198.000000 -363439.000000 
126 -53693.000000 -328795.000000 
127 -65571.000000 -298701.000000 
128 -76617.000000 -273588.000000 
129 -86852.000000 -253940.000000 
130 -96434.000000 -239827.000000 
131 -105585.000000 -230532.000000 
132 -114542.000000 -224552.000000 
133 -123487.000000 -220083.000000 
134 -132421.000000 -215788.000000 
135 -140991.000000 -211501.000000 
136 -148348.000000 -208501.000000 
137 -153131.000000 -209166.000000 
138 -153679.000000 -216140.000000 
139 -148467.000000 -231327.000000 
140 -136656.000000 -255130.000000 
141 -118544.000000 -286208.000000 
142 -95730.000000 -321828.000000 
143 -70859.000000 -358639.000000 
144 -47020.000000 -393578.000000 
145 -26978.000000 -424590.000000 
146 -12531.000000 -450999.000000 
147 -4213.000000 -473468.000000 
148 -1422.000000 -493628.000000 
149 -2875.000000 -513515.000000 
150 -7178.000000 -534930.000000 
151 -13235.000000 -558878.000000 
152 -20385.000000 -585179.000000 
153 -28243.000000 -612367.000000 
154 -36432.000000 -637939.000000 
155 -44361.000000 -658916.000000 
156 -51232.000000 -672597.000000 
157 -56242.000000 -677254.000000 
158 -58888.000000 -672543.000000 
159 -59180.000000 -659453.000000 
160 -57636.000000 -639807.000000 
161 -55048.000000 -615526.000000 
162 -52125.000000 -587943.000000 
163 -49203.000000 -557471.000000 
164 -46168.000000 -523756.000000 
165 -42625.000000 -486199.000000 
166 -38217.000000 -444624.000000 
167 -32930.000000 -399750.000000 
168 -27204.000000 -353267.000000 
169 -21808.000000 -307464.000000 
170 -17521.000000 -264595.000000 
171 -14803.000000 -226228.000000 
172 -13599.000000 -192846.000000 
173 -13376.000000 -163829.000000 
174 -13349.000000 -137786.000000 
175 -12789.000000 -113109.000000 
176 -11243.000000 -88550.000000 
177 -8567.000000 -63669.000000 
178 -4805.000000 -39067.000000 
179 6.000000 -16363.000000 
180 5983.000000 2073.000000 
181 13378.000000 13596.000000 
182 22440.000000 15899.000000 
183 33217.000000 7669.000000 
184 45437.000000 -10933.000000 
185 58532.000000 -38138.000000 
186 71807.000000 -70853.000000 
187 84660.000000 -105356.000000 
188 96723.000000 -138189.000000 
189 107855.000000 -166951.000000 
190 117977.000000 -190715.000000 
191 126853.000000 -209914.000000 
192 133948.000000 -225772.000000 
193 138471.000000 -239553.000000 
194 139610.000000 -251957.000000 
195 136876.000000 -262908.000000 
196 130393.000000 -271765.000000 
197 120994.000000 -277796.000000 
198 110059.000000 -280603.000000 
199 99146.000000 -280269.000000 
200 89550.000000 -277111.000000 
201 81970.000000 -271216.000000 
202 76395.000000 -262037.000000 
203 72232.000000 -248331.000000 
204 68619.000000 -228553.000000 
205 64755.000000 -201572.000000 
206 60150.000000 -167392.000000 
207 54698.000000 -127526.000000 
208 48591.000000 -84798.000000 
209 42148.000000 -42634.000000 
210 35639.000000 -4101.000000 
211 29179.000000 28894.000000 
212 22708.000000 55954.000000 
213 16027.000000 77980.000000 
214 8858.000000 96576.000000 
215 882.000000 113357.000000 
216 -8245.000000 129466.000000 
217 -18874.000000 145444.000000 
218 -31319.000000 161434.000000 
219 -45777.000000 177517.000000 
220 -62224.000000 193962.000000 
221 -80329.000000 211266.000000 
222 -99430.000000 229976.000000 
223 -118607.000000 250421.000000 
224 -136826.000000 272504.000000 
225 -153144.000000 295644.000000 
226 -166877.000000 318877.000000 
227 -177711.000000 341057.000000 
228 -185711.000000 361060.000000 
229 -191240.000000 377951.000000 
230 -194822.000000 391106.000000 
231 -196995.000000 400304.000000 
232 -198202.000000 405805.000000 
233 -198709.000000 408362.000000 
234 -198587.000000 409133.000000 
235 -197712.000000 409443.000000 
236 -195787.000000 410438.000000 
237 -192394.000000 412748.000000 
238 -187067.000000 416297.000000 
239 -179407.000000 420360.000000 
240 -169213.000000 423869.000000 
241 -156608.000000 425840.000000 
242 -142097.000000 425735.000000 
243 -126525.000000 423601.000000 
244 -110914.000000 419925.000000 
245 -96231.000000 415311.000000 
246 -83139.000000 410126.000000 
247 -71846.000000 404316.000000 
248 -62104.000000 397458.000000 
249 -53368.000000 388978.000000 
250 -45058.000000 378414.000000 
251 -36801.000000 365545.000000 
252 -28569.000000 350353.000000 
253 -20618.000000 332867.000000 
254 -13279.000000 313057.000000 
255 -6686.000000 290889.000000 
256 -576.000000 266569.000000 
257 5726.000000 240849.000000 
258 13134.000000 215198.000000 
259 22478.000000 191665.000000 
260 34217.000000 172423.000000 
261 48283.000000 159150.000000 
262 64163.000000 152504.000000 
263 81154.000000 151951.000000 
264 98687.000000 156034.000000 
265 116539.000000 162951.000000 
266 134842.000000 171192.000000 
267 153860.000000 179910.000000 
268 173664.000000 188901.000000 
269 193841.000000 198249.000000 
270 213412.000000 207863.000000 
271 230984.000000 217207.000000 
272 245084.000000 225384.000000 
273 254516.000000 231520.000000 
274 258569.000000 235248.000000 
275 257010.000000 236968.000000 
276 249888.000000 237738.000000 
277 237280.000000 238794.000000 
278 219153.000000 240959.000000 
279 195441.000000 244236.000000 
280 166309.000000 247831.000000 
281 132480.000000 250608.000000 
282 95435.000000 251760.000000 
283 57340.000000 251348.000000 
284 20680.000000 250428.000000 
285 -12268.000000 250691.000000 
286 -39945.000000 253785.000000 
287 -61777.000000 260656.000000 
288 -78115.000000 271237.000000 
289 -89896.000000 284626.000000 
290 -98182.000000 299645.000000 
291 -103777.000000 315490.000000 
292 -107069.000000 332134.000000 
293 -108132.000000 350273.000000 
294 -106970.000000 370855.000000 
295 -103777.000000 394422.000000 
296 -99045.000000 420599.000000 
297 -93501.000000 447978.000000 
298 -87896.000000 474461.000000 
299 -82781.000000 497876.000000 
300 -78373.000000 516615.000000 
301 -74584.000000 529993.000000 
302 -71161.000000 538222.000000 
303 -67860.000000 542060.000000 
304 -64560.000000 542314.000000 
305 -61248.000000 539463.000000 
306 -57910.000000 533530.000000 
307 -54395.000000 524227.000000 
308 -50334.000000 511263.000000 
309 -45181.000000 494648.000000 
310 -38358.000000 474847.000000 
311 -29435.000000 452728.000000 
312 -18291.000000 429359.000000 
313 -5154.000000 405741.000000 
314 9455.000000 382596.000000 
315 24879.000000 360265.000000 
316 40492.000000 338730.000000 
317 55850.000000 317717.000000 
318 70767.000000 296822.000000 
319 85307.000000 275620.000000 
320 99707.000000 253745.000000 
321 114230.000000 230951.000000 
322 128995.000000 207153.000000 
323 143798.000000 182480.000000 
324 157988.000000 157297.000000 
325 170457.000000 132214.000000 
326 179782.000000 108040.000000 
327 184513.000000 85690.000000 
328 183559.000000 66040.000000 
329 176539.000000 49786.000000 
330 163976.000000 37330.000000 
331 147243.000000 28770.000000 
332 128247.000000 23988.000000 
333 108963.000000 22844.000000 
334 90967.000000 25386.000000 
335 75150.000000 31978.000000 
336 61707.000000 43254.000000 
337 50381.000000 59858.000000 
338 40837.000000 82048.000000 
339 32995.000000 109309.000000 
340 27163.000000 140173.000000 
341 23926.000000 172380.000000 
342 23853.000000 203385.000000 
343 27168.000000 231052.000000 
344 33545.000000 254255.000000 
345 42116.000000 273130.000000 
346 51682.000000 288816.000000 
347 61029.000000 302780.000000 
348 69194.000000 315998.000000 
349 75591.000000 328369.000000 
350 79960.000000 338631.000000 
351 82192.000000 344853.000000 
352 82160.000000 345278.000000 
353 79640.000000 339145.000000 
354 74359.000000 327087.000000 
355 66162.000000 310930.000000 
356 55182.000000 292972.000000 
357 41936.000000 275104.000000 
358 27299.000000 258166.000000 
359 12359.000000 241878.000000 
360 -1788.000000 225311.000000 
361 -14209.000000 207658.000000 
362 -24223.000000 188851.000000 
363 -31401.000000 169709.000000 
364 -35493.000000 151512.000000 
365 -36358.000000 135238.000000 
366 -33911.000000 120888.000000 
367 -28145.000000 107292.000000 
368 -19175.000000 92550.000000 
369 -7305.000000 74953.000000 
370 6924.000000 53910.000000 
371 22738.000000 30454.000000 
372 39158.000000 7012.000000 
373 55076.000000 -13471.000000 
374 69357.000000 -28686.000000 
375 80951.000000 -37870.000000 
376 89015.000000 -42067.000000 
377 93019.000000 -43648.000000 
378 92814.000000 -45303.000000 
379 88644.000000 -49001.000000 
380 81085.000000 -55339.000000 
381 70930.000000 -63538.000000 
382 59056.000000 -72010.000000 
383 46314.000000 -79172.000000 
384 33471.000000 -84122.000000 
385 21214.000000 -86889.000000 
386 10185.000000 -88216.000000 
387 1000.000000 -89057.000000 
388 -5782.000000 -90069.000000 
389 -9744.000000 -91347.000000 
390 -10723.000000 -92465.000000 
391 -8892.000000 -92752.000000 
392 -4760.000000 -91605.000000 
393 921.000000 -88687.000000 
394 7337.000000 -83944.000000 
395 13781.000000 -77513.000000 
396 19793.000000 -69622.000000 
397 25173.000000 -60578.000000 
398 29906.000000 -50855.000000 
399 34031.000000 -41177.000000 
400 37513.000000 -32507.000000 
401 40187.000000 -25869.000000 
402 41784.000000 -22049.000000 
403 42012.000000 -21304.000000 
404 40653.000000 -23218.000000 
405 37629.000000 -26809.000000 
406 32998.000000 -30858.000000 
407 26924.000000 -34337.000000 
408 19626.000000 -36757.000000 
409 11352.000000 -38300.000000 
410 2391.000000 -39692.000000 
411 -6899.000000 -41884.000000 
412 -16075.000000 -45659.000000 
413 -24627.000000 -51332.000000 
414 -32038.000000 -58619.000000 
415 -37864.000000 -66696.000000 
416 -41795.000000 -74422.000000 
417 -43675.000000 -80639.000000 
418 -43462.000000 -84480.000000 
419 -41186.000000 -85633.000000 
420 -36907.000000 -84503.000000 
421 -30726.000000 -82218.000000 
422 -22841.000000 -80448.000000 
423 -13621.000000 -81051.000000 
424 -3642.000000 -85597.000000 
425 6326.000000 -94918.000000 
426 15426.000000 -108822.000000 
427 22838.000000 -126109.000000 
428 27905.000000 -144897.000000 
429 30203.000000 -163190.000000 
430 29543.000000 -179470.000000 
431 25922.000000 -193125.000000 
432 19481.000000 -204539.000000 
433 10495.000000 -214835.000000 
434 -580.000000 -225383.000000 
435 -13063.000000 -237267.000000 
436 -26018.000000 -250910.000000 
437 -38330.000000 -265968.000000 
438 -48869.000000 -281496.000000 
439 -56707.000000 -296266.000000 
440 -61315.000000 -309107.000000 
441 -62655.000000 -319142.000000 
442 -61130.000000 -325872.000000 
443 -57416.000000 -329149.000000 
444 -52243.000000 -329088.000000 
445 -46225.000000 -325979.000000 
446 -39800.000000 -320231.000000 
447 -33291.000000 -312331.000000 
448 -27034.000000 -302801.000000 
449 -21486.000000 -292153.000000 
450 -17243.000000 -280857.000000 
451 -14938.000000 -269328.000000 
452 -15074.000000 -257971.000000 
453 -17868.000000 -247228.000000 
454 -23206.000000 -237609.000000 
455 -30722.000000 -229658.000000 
456 -40002.000000 -223831.000000 
457 -50780.000000 -220343.000000 
458 -63051.000000 -219041.000000 
459 -77011.000000 -219387.000000 
460 -92833.000000 -220570.000000 
461 -110369.000000 -221729.000000 
462 -128904.000000 -222177.000000 
463 -147086.000000 -221564.000000 
464 -163095.000000 -219889.000000 
465 -175001.000000 -217389.000000 
466 -181215.000000 -214358.000000 
467 -180876.000000 -210988.000000 
468 -174050.000000 -207304.000000 
469 -161695.000000 -203211.000000 
470 -145406.000000 -198618.000000 
471 -127059.000000 -193572.000000 
472 -108454.000000 -188350.000000 
473 -91081.000000 -183476.000000 
474 -76029.000000 -179673.000000 
475 -64045.000000 -177776.000000 
476 -55654.000000 -178620.000000 
477 -51273.000000 -182914.000000 
478 -51258.000000 -191113.000000 
479 -55860.000000 -203291.000000 
480 -65106.000000 -219065.000000 
481 -78674.000000 -237607.000000 
482 -95802.000000 -257772.000000 
483 -115283.000000 -278317.000000 
484 -135560.000000 -298140.000000 
485 -154904.000000 -316425.000000 
486 -171631.000000 -332626.000000 
487 -184302.000000 -346293.000000 
488 -191876.000000 -356830.000000 
489 -193782.000000 -363353.000000 
490 -189914.000000 -364755.000000 
491 -180581.000000 -360030.000000 
492 -166428.000000 -348730.000000 
493 -148365.000000 -331361.000000 
494 -127517.000000 -309504.000000 
495 -105176.000000 -285549.000000 
496 -82749.000000 -262127.000000 
497 -61671.000000 -241438.000000 
498 -43298.000000 -224775.000000 
499 -28779.000000 -212419.000000 
500 -18935.000000 -203935.000000 
501 -14189.000000 -198700.000000 
502 -14543.000000 -196368.000000 
503 -19620.000000 -197050.000000 
504 -28734.000000 -201122.000000 
505 -40961.000000 -208777.000000 
506 -55202.000000 -219594.000000 
507 -70229.000000 -232371.000000 
508 -84738.000000 -245347.000000 
509 -97415.000000 -256727.000000 
510 -107057.000000 -265259.000000 
511 -112693.000000 -270579.000000 
512 -113712.000000 -273174.000000 
513 -109928.000000 -273972.000000 
514 -101559.000000 -273794.000000 
515 -89145.000000 -272937.000000 
516 -73411.000000 -271099.000000 
517 -55149.000000 -267657.000000 
518 -35155.000000 -262154.000000 
519 -14236.000000 -254704.000000 
520 6749.000000 -246138.000000 
521 26844.000000 -237788.000000 
522 45013.000000 -231044.000000 
523 60232.000000 -226894.000000 
524 71626.000000 -225657.000000 
525 78616.000000 -226999.000000 
526 80999.000000 -230191.000000 
527 78955.000000 -234433.000000 
528 72967.000000 -239103.000000 
529 63727.000000 -243827.000000 
530 52060.000000 -248402.000000 
531 38904.000000 -252665.000000 
532 25333.000000 -256413.000000 
533 12571.000000 -259402.000000 
534 1940.000000 -261383.000000 
535 -5287.000000 -262112.000000 
536 -8100.000000 -261280.000000 
537 -5961.000000 -258415.000000 
538 1075.000000 -252841.000000 
539 12405.000000 -243790.000000 
540 27057.000000 -230697.000000 
541 43968.000000 -213566.000000 
542 62226.000000 -193221.000000 
543 81201.000000 -171282.000000 
544 100517.000000 -149803.000000 
545 119899.000000 -130689.000000 
546 138995.000000 -115126.000000 
547 157253.000000 -103293.000000 
548 173934.000000 -94495.000000 
549 188229.000000 -87655.000000 
550 199440.000000 -81931.000000 
551 207133.000000 -77150.000000 
552 211206.000000 -73834.000000 
553 211863.000000 -72819.000000 
554 209543.000000 -74656.000000 
555 204840.000000 -79113.000000 
556 198452.000000 -85049.000000 
557 191149.000000 -90741.000000 
558 183713.000000 -94508.000000 
559 176814.000000 -95324.000000 
560 170828.000000 -93142.000000 
561 165652.000000 -88758.000000 
562 160625.000000 -83322.000000 
563 154630.000000 -77740.000000 
564 146407.000000 -72269.000000 
565 134980.000000 -66501.000000 
566 120072.000000 -59702.000000 
567 102322.000000 -51321.000000 
568 83212.000000 -41395.000000 
569 64708.000000 -30657.000000 
570 48744.000000 -20296.000000 
571 36734.000000 -11534.000000 
572 29285.000000 -5195.000000 
573 26178.000000 -1486.000000 
574 26593.000000 -9.000000 
575 29425.000000 28.000000 
576 33562.000000 -406.000000 
577 38010.000000 -326.000000 
578 41883.000000 1257.000000 
579 44327.000000 5362.000000 
580 44489.000000 13001.000000 
581 41599.000000 25028.000000 
582 35159.000000 41881.000000 
583 25133.000000 63329.000000 
584 12052.000000 88374.000000 
585 -3057.000000 115370.000000 
586 -18903.000000 142363.000000 
587 -34222.000000 167497.000000 
588 -48016.000000 189368.000000 
589 -59653.000000 207189.000000 
590 -68806.000000 220773.000000 
591 -75299.000000 230411.000000 
592 -78991.000000 236751.000000 
593 -79757.000000 240745.000000 
594 -77609.000000 243644.000000 
595 -72858.000000 246941.000000 
596 -66234.000000 252182.000000 
597 -58838.000000 260611.000000 
598 -51932.000000 272768.000000 
599 -46614.000000 288195.000000 
600 -43523.000000 305447.000000 
601 -42690.000000 322452.000000 
602 -43596.000000 337140.000000 
603 -45409.000000 348083.000000 
604 -47284.000000 354916.000000 
605 -48607.000000 358327.000000 
606 -49093.000000 359647.000000 
607 -48736.000000 360210.000000 
608 -47671.000000 360774.000000 
609 -46047.000000 361229.000000 
610 -43980.000000 360718.000000 
611 -41587.000000 358070.000000 
612 -39065.000000 352348.000000 
613 -36727.000000 343263.000000 
614 -34965.000000 331319.000000 
615 -34123.000000 317660.000000 
616 -34359.000000 303748.000000 
617 -35562.000000 291016.000000 
618 -37384.000000 280636.000000 
619 -39366.000000 273410.000000 
620 -41114.000000 269764.000000 
621 -42424.000000 269739.000000 
622 -43297.000000 272961.000000 
623 -43836.000000 278595.000000 
624 -44092.000000 285361.000000 
625 -43940.000000 291695.000000 
626 -43067.000000 296058.000000 
627 -41093.000000 297323.000000 
628 -37774.000000 295125.000000 
629 -33206.000000 290002.000000 
630 -27912.000000 283287.000000 
631 -22776.000000 276749.000000 
632 -18835.000000 272113.000000 
633 -17001.000000 270612.000000 
634 -17807.000000 272717.000000 
635 -21283.000000 278091.000000 
636 -26966.000000 285768.000000 
637 -34050.000000 294467.000000 
638 -41591.000000 302928.000000 
639 -48701.000000 310200.000000 
640 -54682.000000 315819.000000 
641 -59069.000000 319869.000000 
642 -61607.000000 322908.000000 
643 -62189.000000 325791.000000 
644 -60796.000000 329415.000000 
645 -57466.000000 334433.000000 
646 -52293.000000 341016.000000 
647 -45461.000000 348755.000000 
648 -37279.000000 356726.000000 
649 -28215.000000 363743.000000 
650 -18901.000000 368705.000000 
651 -10083.000000 370918.000000 
652 -2551.000000 370275.000000 
653 2983.000000 367222.000000 
654 5999.000000 362526.000000 
655 6267.000000 356941.000000 
656 3888.000000 350911.000000 
657 -715.000000 344432.000000 
658 -6872.000000 337108.000000 
659 -13771.000000 328383.000000 
660 -20574.000000 317823.000000 
661 -26516.000000 305360.000000 
662 -30972.000000 291383.000000 
663 -33500.000000 276673.000000 
664 -33848.000000 262226.000000 
665 -31950.000000 249019.000000 
666 -27886.000000 237807.000000 
667 -21841.000000 229002.000000 
668 -14046.000000 222627.000000 
669 -4725.000000 218350.000000 
670 5922.000000 215578.000000 
671 17698.000000 213574.000000 
672 30350.000000 211602.000000 
673 43491.000000 209061.000000 
674 56569.000000 205580.000000 
675 68888.000000 201057.000000 
676 79708.000000 195612.000000 
677 88387.000000 189484.000000 
678 94511.000000 182897.000000 
679 97947.000000 175958.000000 
680 98791.000000 168631.000000 
681 97240.000000 160790.000000 
682 93445.000000 152335.000000 
683 87429.000000 143308.000000 
684 79126.000000 133959.000000 
685 68532.000000 124726.000000 
686 55896.000000 116154.000000 
687 41855.000000 108759.000000 
688 27425.000000 102929.000000 
689 13830.000000 98855.000000 
690 2223.000000 96539.000000 
691 -6587.000000 95843.000000 
692 -12300.000000 96549.000000 
693 -15090.000000 98428.000000 
694 -15442.000000 101278.000000 
695 -13908.000000 104951.000000 
696 -10929.000000 109349.000000 
697 -6792.000000 114403.000000 
698 -1726.000000 120007.000000 
699 3934.000000 125947.000000 
700 9622.000000 131834.000000 
701 14548.000000 137078.000000 
702 17845.000000 140958.000000 
703 18811.000000 142772.000000 
704 17122.000000 142027.000000 
705 12931.000000 138606.000000 
706 6802.000000 132802.000000 
707 -475.000000 125213.000000 
708 -8118.000000 116506.000000 
709 -15506.000000 107161.000000 
710 -22234.000000 97319.000000 
711 -28054.000000 86803.000000 
712 -32774.000000 75335.000000 
713 -36183.000000 62814.000000 
714 -38042.000000 49537.000000 
715 -38145.000000 36212.000000 
716 -36387.000000 23747.000000 
717 -32797.000000 12895.000000 
718 -27523.000000 3944.000000 
719 -20778.000000 -3404.000000 
720 -12797.000000 -9874.000000 
721 -3852.000000 -16256.000000 
722 5690.000000 -23017.000000 
723 15309.000000 -30094.000000 
724 24327.000000 -36976.000000 
725 32032.000000 -43053.000000 
726 37872.000000 -48045.000000 
727 41680.000000 -52303.000000 
728 43787.000000 -56776.000000 
729 44969.000000 -62677.000000 
730 46202.000000 -70963.000000 
731 48325.000000 -81896.000000 
732 51743.000000 -94898.000000 
733 56303.000000 -108765.000000 
734 61403.000000 -122153.000000 
735 66271.000000 -134084.000000 
736 70294.000000 -144241.000000 
737 73240.000000 -152923.000000 
738 75275.000000 -160706.000000 
739 76794.000000 -168018.000000 
740 78160.000000 -174842.000000 
741 79484.000000 -180726.000000 
742 80579.000000 -185062.000000 
743 81068.000000 -187492.000000 
744 80608.000000 -188196.000000 
745 79077.000000 -187911.000000 
746 76641.000000 -187660.000000 
747 73649.000000 -188329.000000 
748 70440.000000 -190313.000000 
749 67158.000000 -193416.000000 
750 63689.000000 -197029.000000 
751 59758.000000 -200495.000000 
752 55125.000000 -203453.000000 
753 49788.000000 -205987.000000 
754 44059.000000 -208497.000000 
755 38477.000000 -211385.000000 
756 33596.000000 -214736.000000 
757 29754.000000 -218159.000000 
758 26926.000000 -220904.000000 
759 24767.000000 -222163.000000 
760 22785.000000 -221428.000000 
761 20595.000000 -218703.000000 
762 18109.000000 -214464.000000 
763 15586.000000 -209409.000000 
764 13525.000000 -204128.000000 
765 12450.000000 -198873.000000 
766 12708.000000 -193550.000000 
767 14340.000000 -187923.000000 
768 17090.000000 -181914.000000 
769 20515.000000 -175836.000000 
770 24140.000000 -170416.000000 
771 27580.000000 -166598.000000 
772 30594.000000 -165208.000000 
773 33074.000000 -166634.000000 
774 34998.000000 -170677.000000 
775 36376.000000 -176624.000000 
776 37224.000000 -183507.000000 
777 37547.000000 -190443.000000 
778 37336.000000 -196897.000000 
779 36557.000000 -202802.000000 
780 35152.000000 -208504.000000 
781 33064.000000 -214584.000000 
782 30294.000000 -221639.000000 
783 26982.000000 -230093.000000 
784 23464.000000 -240081.000000 
785 20266.000000 -251403.000000 
786 17996.000000 -263556.000000 
787 17165.000000 -275810.000000 
788 17996.000000 -287333.000000 
789 20298.000000 -297344.000000 
790 23492.000000 -305254.000000 
791 26782.000000 -310774.000000 
792 29417.000000 -313939.000000 
793 30940.000000 -315034.000000 
794 31308.000000 -314460.000000 
795 30835.000000 -312574.000000 
796 29972.000000 -309599.000000 
797 29039.000000 -305617.000000 
798 28026.000000 -300644.000000 
799 26549.000000 -294734.000000 
800 24007.000000 -288036.000000 
801 19849.000000 -280760.000000 
802 13841.000000 -273061.000000 
803 6226.000000 -264918.000000 
804 -2314.000000 -256080.000000 
805 -10852.000000 -246139.000000 
806 -18486.000000 -234723.000000 
807 -24586.000000 -221710.000000 
808 -28912.000000 -207362.000000 
809 -31593.000000 -192302.000000 
810 -32982.000000 -177314.000000 
811 -33480.000000 -163070.000000 
812 -33389.000000 -149909.000000 
813 -32859.000000 -137788.000000 
814 -31913.000000 -126436.000000 
815 -30513.000000 -115637.000000 
816 -28646.000000 -105495.000000 
817 -26361.000000 -96534.000000 
818 -23779.000000 -89566.000000 
819 -21071.000000 -85367.000000 
820 -18432.000000 -84318.000000 
821 -16066.000000 -86181.000000 
822 -14186.000000 -90126.000000 
823 -13007.000000 -95006.000000 
824 -12732.000000 -99776.000000 
825 -13518.000000 -103848.000000 
826 -15434.000000 -107249.000000 
827 -18426.000000 -110499.000000 
828 -22306.000000 -114280.000000 
829 -26776.000000 -119049.000000 
830 -31481.000000 -124763.000000 
831 -36083.000000 -130827.000000 
832 -40326.000000 -136272.000000 
833 -44083.000000 -140074.000000 
834 -47358.000000 -141471.000000 
835 -50260.000000 -140158.000000 
836 -52926.000000 -136307.000000 
837 -55447.000000 -130434.000000 
838 -57788.000000 -123197.000000 
839 -59758.000000 -115203.000000 
840 -61025.000000 -106886.000000 
841 -61202.000000 -98473.000000 
842 -59956.000000 -90014.000000 
843 -57131.000000 -81429.000000 
844 -52810.000000 -72572.000000 
845 -47317.000000 -63282.000000 
846 -41129.000000 -53433.000000 
847 -34736.000000 -42992.000000 
848 -28503.000000 -32051.000000 
849 -22588.000000 -20835.000000 
850 -16939.000000 -9671.000000 
851 -11383.000000 1085.000000 
852 -5747.000000 11125.000000 
853 27.000000 20233.000000 
854 5834.000000 28290.000000 
855 11424.000000 35230.000000 
856 16488.000000 40984.000000 
857 20753.000000 45450.000000 
858 24041.000000 48512.000000 
859 26268.000000 50112.000000 
860 27397.000000 50323.000000 
861 27358.000000 49388.000000 
862 26005.000000 47690.000000 
863 23104.000000 45649.000000 
864 18377.000000 43600.000000 
865 11576.000000 41700.000000 
866 2554.000000 39915.000000 
867 -8673.000000 38100.000000 
868 -21895.000000 36128.000000 
869 -36691.000000 34011.000000 
870 -52425.000000 31943.000000 
871 -68266.000000 30263.000000 
872 -83246.000000 29331.000000 
873 -96355.000000 29406.000000 
874 -106692.000000 30552.000000 
875 -113618.000000 32646.000000 
876 -116871.000000 35455.000000 
877 -116591.000000 38751.000000 
878 -113247.000000 42414.000000 
879 -107476.000000 46473.000000 
880 -99927.000000 51081.000000 
881 -91151.000000 56446.000000 
882 -81607.000000 62755.000000 
883 -71750.000000 70118.000000 
884 -62136.000000 78542.000000 
885 -53461.000000 87940.000000 
886 -46463.000000 98129.000000 
887 -41713.000000 108832.000000 
888 -39372.000000 119675.000000 
889 -39045.000000 130204.000000 
890 -39841.000000 139924.000000 
891 -40652.000000 148380.000000 
892 -40571.000000 155236.000000 
893 -39274.000000 160342.000000 
894 -37213.000000 163746.000000 
895 -35501.000000 165655.000000 
896 -35528.000000 166357.000000 
897 -38453.000000 166144.000000 
898 -44777.000000 165262.000000 
899 -54164.000000 163911.000000 
900 -65575.000000 162265.000000 
901 -77633.000000 160511.000000 
902 -89054.000000 158847.000000 
903 -98952.000000 157459.000000 
904 -106918.000000 156473.000000 
905 -112877.000000 155918.000000 
906 -116847.000000 155725.000000 
907 -118746.000000 155772.000000 
908 -118363.000000 155950.000000 
909 -115495.000000 156226.000000 
910 -110164.000000 156657.000000 
911 -102766.000000 157353.000000 
912 -94052.000000 158395.000000 
913 -84930.000000 159763.000000 
914 -76162.000000 161292.000000 
915 -68125.000000 162699.000000 
916 -60746.000000 163656.000000 
917 -53652.000000 163880.000000 
918 -46464.000000 163199.000000 
919 -39096.000000 161554.000000 
920 -31899.000000 158966.000000 
921 -25579.000000 155472.000000 
922 -20939.000000 151087.000000 
923 -18550.000000 145805.000000 
924 -18515.000000 139648.000000 
925 -20426.000000 132722.000000 
926 -23515.000000 125258.000000 
927 -26910.000000 117591.000000 
928 -29878.000000 110089.000000 
929 -31931.000000 103058.000000 
930 -32796.000000 96665.000000 
931 -32284.000000 90916.000000 
932 -30164.000000 85691.000000 
933 -26141.000000 80836.000000 
934 -19940.000000 76246.000000 
935 -11472.000000 71920.000000 
936 -966.000000 67959.000000 
937 10996.000000 64501.000000 
938 23592.000000 61653.000000 
939 35944.000000 59418.000000 
940 47333.000000 57677.000000 
941 57326.000000 56211.000000 
942 65788.000000 54755.000000 
943 72800.000000 53052.000000 
944 78533.000000 50887.000000 
945 83153.000000 48104.000000 
946 86777.000000 44590.000000 
947 89488.000000 40270.000000 
948 91355.000000 35108.000000 
949 92441.000000 29135.000000 
950 92789.000000 22471.000000 
951 92411.000000 15352.000000 
952 91316.000000 8120.000000 
953 89594.000000 1181.000000 
954 87515.000000 -5053.000000 
955 85589.000000 -10252.000000 
956 84512.000000 -14216.000000 
957 84995.000000 -16912.000000 
958 87506.000000 -18463.000000 
959 92053.000000 -19097.000000 
960 98106.000000 -19080.000000 
961 104716.000000 -18644.000000 
962 110800.000000 -17950.000000 
963 115477.000000 -17072.000000 
964 118294.000000 -16040.000000 
965 119247.000000 -14889.000000 
966 118583.000000 -13726.000000 
967 116497.000000 -12748.000000 
968 112882.000000 -12224.000000 
969 107276.000000 -12418.000000 
970 99057.000000 -13485.000000 
971 87798.000000 -15384.000000 
972 73617.000000 -17834.000000 
973 57345.000000 -20348.000000 
974 40419.000000 -22336.000000 
975 24525.000000 -23238.000000 
976 11146.000000 -22645.000000 
977 1197.000000 -20364.000000 
978 -5113.000000 -16401.000000 
979 -8165.000000 -10893.000000 
980 -8641.000000 -4018.000000 
981 -7228.000000 4057.000000 
982 -4429.000000 13182.000000 
983 -553.000000 23162.000000 
984 4177.000000 33688.000000 
985 9486.000000 44294.000000 
986 14978.000000 54386.000000 
987 20174.000000 63330.000000 
988 24608.000000 70585.000000 
989 27910.000000 75816.000000 
990 29809.000000 78939.000000 
991 30054.000000 80096.000000 
992 28329.000000 79558.000000 
993 24252.000000 77625.000000 
994 17511.000000 74555.000000 
995 8106.000000 70559.000000 
996 -3413.000000 65843.000000 
997 -15872.000000 60672.000000 
998 -27643.000000 55389.000000 
999 -37053.000000 50381.000000 
1000 -42881.000000 45985.000000 
1001 -44746.000000 42390.000000 
1002 -43206.000000 39563.000000 
1003 -39517.000000 37266.000000 
1004 -35146.000000 35139.000000 
1005 -31251.000000 32833.000000 
1006 -28331.000000 30133.000000 
1007 -26199.000000 27013.000000 
1008 -24241.000000 23611.000000 
1009 -21831.000000 20149.000000 
1010 -18675.000000 16825.000000 
1011 -14955.000000 13741.000000 
1012 -11218.000000 10894.000000 
1013 -8096.000000 8214.000000 
1014 -6037.000000 5634.000000 
1015 -5159.000000 3136.000000 
1016 -5295.000000 763.000000 
1017 -6166.000000 -1418.000000 
1018 -7561.000000 -3371.000000 
1019 -9414.000000 -5116.000000 
1020 -11731.000000 -6728.000000 
1021 -14442.000000 -8290.000000 
1022 -17268.000000 -9828.000000 
1023 -19713.000000 -11271.000000 
1024 -21201.000000 -12454.000000 
1025 -21297.000000 -13168.000000 
1026 -19904.000000 -13233.000000 
1027 -17302.000000 -12564.000000 
1028 -14038.000000 -11194.000000 
1029 -10687.000000 -9262.000000 
1030 -7631.000000 -6966.000000 
1031 -4960.000000 -4516.000000 
1032 -2533.000000 -2110.000000 
1033 -178.000000 53.000000 
1034 2114.000000 1767.000000 
1035 4090.000000 2797.000000 
1036 5293.000000 2919.000000 
1037 5248.000000 1973.000000 
1038 3668.000000 -61.000000 
1039 574.000000 -3020.000000 
1040 -3741.000000 -6560.000000 
1041 -8864.000000 -10228.000000 
1042 -14443.000000 -13583.000000 
1043 -20308.000000 -16312.000000 
1044 -26450.000000 -18303.000000 
1045 -32888.000000 -19653.000000 
1046 -39515.000000 -20596.000000 
1047 -46016.000000 -21388.000000 
1048 -51909.000000 -22207.000000 
1049 -56703.000000 -23085.000000 
1050 -60082.000000 -23918.000000 
1051 -62009.000000 -24526.000000 
1052 -62694.000000 -24741.000000 
1053 -62451.000000 -24476.000000 
1054 -61506.000000 -23755.000000 
1055 -59883.000000 -22691.000000 
1056 -57421.000000 -21429.000000 
1057 -53909.000000 -20085.000000 
1058 -49282.000000 -18711.000000 
1059 -43743.000000 -17290.000000 
1060 -37759.000000 -15782.000000 
1061 -31917.000000 -14171.000000 
1062 -26720.000000 -12522.000000 
1063 -22417.000000 -10988.000000 
1064 -18954.000000 -9800.000000 
1065 -16077.000000 -9203.000000 
1066 -13500.000000 -9398.000000 
1067 -11077.000000 -10481.000000 
1068 -8873.000000 -12417.000000 
1069 -7104.000000 -15058.000000 
1070 -6002.000000 -18194.000000 
1071 -5663.000000 -21626.000000 
1072 -5969.000000 -25236.000000 
1073 -6604.000000 -29032.000000 
1074 -7150.000000 -33144.000000 
1075 -7210.000000 -37785.000000 
1076 -6482.000000 -43165.000000 
1077 -4784.000000 -49408.000000 
1078 -2032.000000 -56477.000000 
1079 1779.000000 -64143.000000 
1080 6563.000000 -72014.000000 
1081 12096.000000 -79603.000000 
1082 17984.000000 -86429.000000 
1083 23686.000000 -92118.000000 
1084 28616.000000 -96480.000000 
1085 32310.000000 -99533.000000 
1086 34586.000000 -101486.000000 
1087 35620.000000 -102674.000000 
1088 35899.000000 -103479.000000 
1089 36054.000000 -104252.000000 
1090 36643.000000 -105249.000000 
1091 37982.000000 -106605.000000 
1092 40083.000000 -108333.000000 
1093 42718.000000 -110347.000000 
1094 45563.000000 -112494.000000 
1095 48338.000000 -114584.000000 
1096 50881.000000 -116411.000000 
1097 53124.000000 -117763.000000 
1098 55017.000000 -118439.000000 
1099 56456.000000 -118266.000000 
1100 57259.000000 -117131.000000 
1101 57221.000000 -115020.000000 
1102 56197.000000 -112052.000000 
1103 54167.000000 -108480.000000 
1104 51236.000000 -104650.000000 
1105 47572.000000 -100923.000000 
1106 43317.000000 -97571.000000 
1107 38541.000000 -94689.000000 
1108 33268.000000 -92151.000000 
1109 27561.000000 -89648.000000 
1110 21619.000000 -86785.000000 
1111 15802.000000 -83216.000000 
1112 10557.000000 -78765.000000 
1113 6277.000000 -73484.000000 
1114 3148.000000 -67625.000000 
1115 1093.000000 -61539.000000 
1116 -145.000000 -55551.000000 
1117 -825.000000 -49847.000000 
1118 -1015.000000 -44447.000000 
1119 -505.000000 -39247.000000 
1120 1082.000000 -34124.000000 
1121 4043.000000 -29032.000000 
1122 8297.000000 -24062.000000 
1123 13214.000000 -19418.000000 
1124 17697.000000 -15340.000000 
1125 20497.000000 -12003.000000 
1126 20683.000000 -9462.000000 
1127 18031.000000 -7656.000000 
1128 13177.000000 -6480.000000 
1129 7424.000000 -5885.000000 
1130 2292.000000 -5927.000000 
1131 -1018.000000 -6752.000000 
1132 -2017.000000 -8491.000000 
1133 -1009.000000 -11129.000000 
1134 1139.000000 -14403.000000 
1135 3436.000000 -17800.000000 
1136 5189.000000 -20665.000000 
1137 6229.000000 -22395.000000 
1138 6871.000000 -22635.000000 
1139 7640.000000 -21388.000000 
1140 8932.000000 -19012.000000 
1141 10776.000000 -16086.000000 
1142 12811.000000 -13218.000000 
1143 14459.000000 -10872.000000 
1144 15198.000000 -9275.000000 
1145 14783.000000 -8442.000000 
1146 13324.000000 -8268.000000 
1147 11188.000000 -8642.000000 
1148 8813.000000 -9511.000000 
1149 6530.000000 -10862.000000 
1150 4495.000000 -12653.000000 
1151 2746.000000 -14725.000000 
1152 1332.000000 -16764.000000 
1153 431.000000 -18340.000000 
1154 364.000000 -19011.000000 
1155 1503.000000 -18447.000000 
1156 4119.000000 -16511.000000 
1157 8247.000000 -13276.000000 
1158 13642.000000 -8965.000000 
1159 19863.000000 -3856.000000 
1160 26411.000000 1789.000000 
1161 32874.000000 7754.000000 
1162 38992.000000 13833.000000 
1163 44623.000000 19782.000000 
1164 49637.000000 25296.000000 
1165 53829.000000 30035.000000 
1166 56892.000000 33702.000000 
1167 58482.000000 36147.000000 
1168 58345.000000 37426.000000 
1169 56432.000000 37791.000000 
1170 52930.000000 37609.000000 
1171 48201.000000 37235.000000 
1172 42642.000000 36902.000000 
1173 36550.000000 36682.000000 
1174 30060.000000 36516.000000 
1175 23184.000000 36313.000000 
1176 15941.000000 36056.000000 
1177 8484.000000 35852.000000 
1178 1179.000000 35919.000000 
1179 -5444.000000 36510.000000 
1180 -10832.000000 37814.000000 
1181 -14588.000000 39885.000000 
1182 -16607.000000 42639.000000 
1183 -17107.000000 45909.000000 
1184 -16544.000000 49527.000000 
1185 -15454.000000 53393.000000 
1186 -14299.000000 57501.000000 
1187 -13364.000000 61910.000000 
1188 -12763.000000 66680.000000 
1189 -12502.000000 71815.000000 
1190 -12577.000000 77232.000000 
1191 -13037.000000 82778.000000 
1192 -14005.000000 88266.000000 
1193 -15646.000000 93520.000000 
1194 -18122.000000 98401.000000 
1195 -21563.000000 102815.000000 
1196 -26049.000000 106703.000000 
1197 -31608.000000 110040.000000 
1198 -38198.000000 112839.000000 
1199 0.000000 0.000000 
